red1:105.799,75.99480000000001,188.4532:179,175.9948,255
red2:160,100,100:179,255,255
blue:0,93.2439,177.32340000000002:29.8702,193.2439,255
green:61.6281,53.9255,168.4421:91.6281,153.9255,255
yellow:66.568,32.9042,174.9965:96.568,132.9042,255
black:0,0,0:179,255,110
